(1,40) --> (1,80) (1,320) 
(1,80) --> (1,120) (1,520) (1,680) (1,800) (1,1200) (1,1320) (1,1880) (1,2400) 
(1,120) --> (1,160) (1,2160) 
(1,160) --> (1,200) (1,440) (1,640) (1,880) (1,960) (1,1120) (1,1200) (1,1320) (1,1480) (1,1560) (1,1800) (1,1880) (1,2080) (1,2320) (1,2400) 
(1,200) --> (1,280) 
(1,280) --> (1,80) (1,320) (1,800) (1,1040) (1,1560) (1,1840) (1,1960) (1,2120) (1,2240) (1,2520) (1,2680) 
(1,320) --> (1,360) (1,520) (1,640) (1,1160) (1,1680) (1,2360) 
(1,360) --> (1,400) (1,1040) (1,1320) (1,2120) 
(1,400) --> (1,200) (1,440) (1,680) (1,960) (1,1200) (1,1480) (1,1600) (1,1880) (1,2400) (1,2680) 
(1,440) --> (1,480) (1,600) (1,1800) (1,2320) 
(1,480) --> (1,40) (1,120) (1,360) (1,520) (1,880) (1,2480) (1,2680) 
(1,520) --> (1,560) (1,800) (1,960) 
(1,560) --> (1,480) (1,600) (1,720) (1,1640) (1,1920) (1,2200) (1,2320) (1,2440) (1,2560) 
(1,600) --> (1,200) (1,360) (1,640) (1,880) (1,1280) (1,1400) (1,1560) (1,1840) (1,2680) 
(1,640) --> (1,40) (1,120) (1,440) (1,680) (1,960) (1,1200) (1,2400) 
(1,680) --> (1,600) (1,720) (1,840) (1,1800) (1,2040) (1,2160) (1,2320) 
(1,720) --> (1,760) (1,2600) 
(1,760) --> (1,40) (1,120) (1,320) (1,560) (1,800) (1,1120) (1,1600) (1,2280) 
(1,800) --> (1,720) (1,840) (1,1360) (1,1920) (1,2200) (1,2560) 
(1,840) --> (1,40) (1,200) (1,520) (1,640) (1,880) (1,1000) (1,2480) (1,2680) 
(1,880) --> (1,920) (1,1320) (1,2120) 
(1,920) --> (1,40) (1,200) (1,440) (1,560) (1,680) (1,960) (1,1200) (1,1600) (1,1880) (1,2400) 
(1,960) --> (1,880) (1,1000) (1,1120) (1,1400) (1,1520) (1,1800) (1,2080) (1,2600) (1,2680) 
(1,1000) --> (1,320) (1,400) (1,1040) (1,2360) 
(1,1040) --> (1,1080) (1,1480) 
(1,1080) --> (1,200) (1,800) (1,1000) (1,1120) (1,1800) (1,1920) (1,2080) 
(1,1120) --> (1,360) (1,1160) (1,1400) 
(1,1160) --> (1,40) (1,120) (1,200) (1,440) (1,680) (1,960) (1,1200) (1,1320) (1,1600) (1,1880) (1,2120) (1,2400) (1,2680) 
(1,1200) --> (1,1240) (1,1520) (1,1800) (1,2040) 
(1,1240) --> (1,640) (1,1280) (1,2360) (1,2600) 
(1,1280) --> (1,40) (1,120) (1,200) (1,400) (1,920) (1,1200) (1,1320) (1,1600) (1,2120) (1,2680) 
(1,1320) --> (1,840) (1,1360) (1,1760) (1,2280) 
(1,1360) --> (1,40) (1,640) (1,1000) (1,1160) (1,1400) (1,2080) (1,2680) 
(1,1400) --> (1,1440) (1,2000) 
(1,1440) --> (1,200) (1,440) (1,1080) (1,1480) 
(1,1480) --> (1,1000) (1,1240) (1,1520) (1,1640) (1,1920) (1,2200) (1,2440) 
(1,1520) --> (1,40) (1,200) (1,320) (1,640) (1,1560) (1,1840) (1,2120) (1,2360) (1,2600) (1,2680) 
(1,1560) --> (1,440) (1,800) (1,960) (1,1200) (1,1320) (1,1600) (1,1760) 
(1,1600) --> (1,600) (1,1520) (1,1640) (1,2040) 
(1,1640) --> (1,360) (1,1680) (1,2360) (1,2600) (1,2680) 
(1,1680) --> (1,1720) (1,2000) 
(1,1720) --> (1,1360) (1,1600) (1,1760) 
(1,1760) --> (1,40) (1,200) (1,480) (1,720) (1,1000) (1,1120) (1,1240) (1,1800) (1,1920) (1,2200) (1,2440) (1,2560) 
(1,1800) --> (1,320) (1,640) (1,1560) (1,1840) (1,2120) (1,2360) (1,2680) 
(1,1840) --> (1,40) (1,120) (1,200) (1,440) (1,960) (1,1200) (1,1880) 
(1,1880) --> (1,600) (1,840) (1,1120) (1,1520) (1,1800) (1,1920) (1,2040) (1,2320) (1,2560) 
(1,1920) --> (1,320) (1,1960) 
(1,1960) --> (1,1440) (1,1720) (1,2000) 
(1,2000) --> (1,720) (1,1240) (1,1640) (1,1920) (1,2040) (1,2160) (1,2440) 
(1,2040) --> (1,40) (1,200) (1,1000) (1,1120) (1,1400) (1,2080) (1,2680) 
(1,2080) --> (1,320) (1,400) (1,920) (1,1200) (1,1320) (1,1560) (1,1840) (1,2120) (1,2360) 
(1,2120) --> (1,40) (1,160) (1,720) (1,2040) (1,2160) 
(1,2160) --> (1,600) (1,840) (1,1520) (1,1800) (1,2200) (1,2320) (1,2560) 
(1,2200) --> (1,40) (1,320) (1,2240) (1,2480) (1,2680) 
(1,2240) --> (1,800) (1,1360) (1,2280) 
(1,2280) --> (1,40) (1,200) (1,480) (1,600) (1,720) (1,1920) (1,2200) (1,2320) (1,2440) (1,2560) 
(1,2320) --> (1,360) (1,1040) (1,1280) (1,1560) (1,1680) (1,1840) (1,2120) (1,2360) 
(1,2360) --> (1,40) (1,120) (1,200) (1,440) (1,680) (1,960) (1,1200) (1,2400) (1,2680) 
(1,2400) --> (1,600) (1,1520) (1,1800) (1,2040) (1,2320) (1,2440) 
(1,2440) --> (1,40) (1,520) (1,880) (1,2240) (1,2480) (1,2600) 
(1,2480) --> (1,320) (1,2520) 
(1,2520) --> (1,600) (1,840) (1,1800) (1,1920) (1,2200) (1,2320) (1,2560) 
(1,2560) --> (1,40) (1,760) (1,1000) (1,1280) (1,1560) (1,1680) (1,2480) (1,2600) 
(1,2600) --> (1,2640) 
(1,2640) --> (1,40) (1,320) (1,440) (1,520) (1,640) (1,880) (1,1000) (1,1200) (1,1320) (1,1400) (1,1560) (1,1680) (1,1840) (1,2080) (1,2240) (1,2400) (1,2680) 
(1,2680) --> (1,800) (1,2520) 
